1000 2828
0 7
0 55
0 161
0 168
0 180
0 243
0 286
0 289
0 303
0 316
0 371
0 401
0 435
0 440
0 455
0 471
0 514
0 649
0 678
0 829
0 846
0 860
1 36
1 79
1 99
1 124
1 224
1 266
1 293
1 299
1 342
1 353
1 356
1 407
1 412
1 462
1 565
1 595
1 639
1 674
1 708
1 718
1 741
1 748
1 972
2 35
2 75
2 98
2 223
2 268
2 281
2 300
2 346
2 360
2 460
2 491
2 493
2 549
2 598
2 628
2 675
2 716
2 775
2 935
3 34
3 78
3 138
3 250
3 308
3 309
3 370
3 414
3 452
3 484
3 659
3 666
3 680
3 752
3 789
3 801
3 856
3 857
3 870
3 903
3 958
3 965
3 983
4 14
4 30
4 67
4 77
4 89
4 90
4 115
4 125
4 126
4 153
4 254
4 259
4 312
4 349
4 382
4 528
4 534
4 560
4 561
4 605
4 677
4 723
4 742
4 783
4 825
4 852
4 916
4 921
4 974
5 60
5 63
5 85
5 95
5 129
5 206
5 245
5 253
5 270
5 276
5 288
5 302
5 321
5 324
5 347
5 348
5 430
5 519
5 570
5 624
5 636
5 750
5 772
5 788
5 828
5 888
5 917
5 950
5 970
6 29
6 102
6 169
6 190
6 216
6 304
6 307
6 335
6 372
6 386
6 422
6 427
6 439
6 463
6 517
6 562
6 709
6 722
6 779
6 791
6 845
6 854
7 0
7 401
8 11
8 22
8 51
8 53
8 91
8 96
8 195
8 217
8 311
8 315
8 320
8 334
8 416
8 567
8 578
8 581
8 609
8 631
8 662
8 673
8 712
8 729
8 786
8 881
8 886
8 887
9 50
9 56
9 68
9 74
9 171
9 184
9 318
9 368
9 457
9 476
9 516
9 632
9 672
9 690
9 755
9 756
9 871
9 882
9 947
9 993
10 12
10 70
10 76
10 88
10 199
10 205
10 234
10 277
10 377
10 379
10 403
10 447
10 459
10 497
10 620
10 625
10 641
10 667
10 910
10 937
10 959
10 987
11 8
11 729
12 10
12 379
13 81
13 121
13 151
13 158
13 262
13 310
13 351
13 436
13 509
13 510
13 583
13 655
13 767
13 770
13 800
13 802
13 808
13 820
13 821
13 927
13 948
13 968
13 992
13 997
14 4
14 30
15 122
15 131
15 136
15 162
15 164
15 175
15 240
15 267
15 271
15 283
15 328
15 421
15 461
15 464
15 468
15 599
15 640
15 736
15 768
15 771
15 862
15 895
16 45
16 105
16 163
16 228
16 233
16 278
16 345
16 393
16 413
16 458
16 526
16 656
16 727
16 758
16 876
16 941
16 942
17 64
17 108
17 135
17 157
17 166
17 284
17 297
17 375
17 394
17 418
17 523
17 587
17 596
17 637
17 684
17 774
17 807
17 858
17 859
17 861
17 931
17 932
17 963
17 981
18 119
18 120
18 130
18 232
18 313
18 399
18 425
18 485
18 502
18 536
18 602
18 608
18 725
18 751
18 776
18 794
18 809
18 838
18 962
19 58
19 114
19 188
19 198
19 209
19 229
19 235
19 280
19 325
19 361
19 511
19 522
19 537
19 635
19 685
19 695
19 724
19 835
19 929
19 973
20 139
20 249
20 329
20 355
20 389
20 410
20 433
20 538
20 556
20 566
20 579
20 603
20 651
20 669
20 714
20 745
20 761
20 787
20 790
20 793
20 805
20 995
20 998
21 84
21 94
21 111
21 143
21 186
21 274
21 402
21 512
21 515
21 622
21 643
21 765
21 853
21 878
21 991
22 8
22 887
23 26
23 173
23 242
23 298
23 301
23 306
23 339
23 384
23 507
23 591
23 824
23 855
23 879
23 936
23 944
23 945
23 951
23 996
24 66
24 97
24 100
24 106
24 145
24 160
24 193
24 214
24 215
24 246
24 252
24 442
24 551
24 647
24 957
24 976
25 203
25 337
25 338
25 365
25 428
25 470
25 531
25 580
25 642
25 652
25 702
25 705
25 744
25 906
25 985
26 23
26 301
27 48
27 117
27 201
27 230
27 443
27 444
27 504
27 559
27 638
27 646
27 686
27 806
27 839
27 851
27 866
27 920
28 41
28 54
28 208
28 236
28 269
28 273
28 527
28 607
28 626
28 630
28 778
28 815
28 843
28 869
28 907
28 943
29 6
29 854
30 4
30 14
31 72
31 123
31 133
31 134
31 178
31 260
31 296
31 305
31 343
31 417
31 466
31 521
31 658
31 696
31 735
31 762
32 49
32 116
32 204
32 294
32 392
32 398
32 434
32 438
32 475
32 506
32 590
32 627
32 629
32 633
32 715
32 732
32 897
32 925
32 939
32 949
32 986
32 990
33 44
33 189
33 194
33 358
33 520
33 535
33 555
33 576
33 665
33 797
33 840
33 844
33 873
33 885
33 909
33 919
33 953
33 955
34 3
34 666
35 2
36 1
36 224
37 212
37 487
37 613
37 827
37 891
37 908
37 967
37 969
38 110
38 340
38 449
38 588
38 660
38 668
38 689
38 766
38 898
38 912
38 915
38 930
38 940
38 952
39 40
39 109
39 156
39 333
39 378
39 387
39 453
39 474
39 482
39 513
39 586
39 600
39 610
39 701
39 816
39 817
39 826
39 863
39 911
39 977
39 980
39 989
40 39
40 474
41 28
41 778
42 59
42 154
42 237
42 285
42 352
42 446
42 486
42 547
42 563
42 670
42 700
42 703
42 717
42 848
42 889
42 905
43 62
43 80
43 118
43 127
43 210
43 331
43 354
43 408
43 540
43 541
43 612
43 663
43 694
43 813
43 842
43 847
43 874
43 880
44 33
44 555
45 16
45 233
46 87
46 152
46 272
46 287
46 319
46 326
46 332
46 341
46 388
46 432
46 469
46 496
46 539
46 687
46 740
46 760
46 823
46 834
46 926
47 61
47 148
47 191
47 247
47 255
47 261
47 405
47 415
47 419
47 465
47 472
47 473
47 505
47 592
47 644
47 645
47 654
47 657
47 693
47 711
47 792
47 833
47 837
47 902
47 971
47 979
48 27
48 806
49 32
49 590
50 9
50 871
51 8
51 217
52 159
52 323
52 344
52 376
52 500
52 518
52 558
52 573
52 618
52 681
52 683
52 747
52 811
52 812
52 819
52 830
52 831
52 938
52 946
52 999
53 8
53 786
54 28
54 626
55 0
55 455
56 9
56 882
57 128
57 170
57 172
57 238
57 241
57 251
57 263
57 282
57 336
57 390
57 671
57 737
57 798
57 922
58 19
58 198
59 42
59 717
60 5
61 47
61 654
62 43
62 354
63 5
63 347
64 17
64 157
65 82
65 104
65 132
65 174
65 181
65 257
65 279
65 295
65 451
65 489
65 734
65 780
65 785
65 924
65 933
66 24
66 442
67 4
67 534
68 9
68 74
69 177
69 197
69 231
69 264
69 395
69 426
69 477
69 495
69 498
69 597
69 899
69 904
69 961
70 10
70 667
71 107
71 147
71 196
71 275
71 290
71 314
71 357
71 373
71 380
71 492
71 589
71 616
71 617
71 691
71 697
71 698
71 769
71 850
71 975
72 31
72 521
73 146
73 291
73 367
73 429
73 564
73 572
73 606
73 619
73 623
73 661
73 841
73 893
73 913
73 928
73 994
74 9
74 68
75 2
75 346
76 10
76 641
77 4
77 783
78 3
78 856
79 1
79 412
80 43
80 874
81 13
81 310
82 65
82 181
83 317
83 411
83 420
83 450
83 490
83 494
83 553
83 554
83 585
83 650
83 679
83 721
83 754
83 763
83 764
83 836
83 872
83 892
83 978
83 982
84 21
84 765
85 5
85 288
86 179
86 183
86 200
86 220
86 225
86 256
86 350
86 374
86 437
86 501
86 533
86 569
86 614
86 707
86 777
86 782
86 884
86 900
86 960
86 964
86 984
87 46
87 469
88 10
88 377
89 4
89 312
90 4
90 561
91 8
91 334
92 155
92 207
92 227
92 292
92 327
92 366
92 383
92 406
92 423
92 481
92 499
92 611
92 615
92 653
92 664
92 719
92 743
92 746
92 803
92 804
92 865
92 875
92 890
92 914
92 954
93 144
93 202
93 385
93 404
93 479
93 544
93 634
93 699
93 720
93 796
93 818
93 822
93 918
94 21
94 622
95 5
95 245
96 8
96 609
97 24
97 100
98 2
98 491
99 1
99 353
100 24
100 97
101 113
101 140
101 185
101 213
101 441
101 530
101 545
101 582
101 621
101 704
101 710
101 731
101 757
101 795
101 810
102 6
102 169
103 112
103 187
103 239
103 265
103 362
103 396
103 409
103 448
103 454
103 456
103 480
103 542
103 550
103 552
103 568
103 594
103 676
103 738
103 814
103 988
104 65
104 933
105 16
105 656
106 24
106 647
107 71
108 17
108 684
109 39
109 586
110 38
110 340
111 21
111 402
112 103
112 738
113 101
113 140
114 19
114 280
115 4
115 254
116 32
116 986
117 27
117 839
118 43
118 842
119 18
119 602
120 18
120 608
121 13
121 820
122 15
122 271
123 31
123 696
124 1
124 266
125 4
125 723
126 4
126 921
127 43
127 663
128 57
128 336
129 5
129 788
130 18
130 794
131 15
131 468
132 65
132 780
133 31
133 343
134 31
134 260
135 17
135 418
136 15
136 771
137 141
137 167
137 330
137 391
137 400
137 478
137 488
137 525
137 548
137 571
137 601
137 730
137 733
137 759
137 781
138 3
138 308
139 20
139 433
140 101
140 113
141 137
141 400
142 150
142 176
142 182
142 219
142 221
142 226
142 258
142 322
142 364
142 397
142 431
142 445
142 467
142 532
142 574
142 584
142 593
142 688
142 692
142 728
142 753
142 773
142 799
142 883
142 901
143 21
143 512
144 93
145 24
145 215
146 73
146 928
147 71
147 698
148 47
148 415
149 165
149 222
149 369
149 381
149 503
149 524
149 557
149 648
149 713
149 784
149 864
149 868
149 894
149 956
150 142
150 728
151 13
151 767
152 46
152 319
153 4
153 259
154 42
154 547
155 92
155 890
156 39
156 989
157 17
157 64
158 13
158 927
159 52
159 831
160 24
160 957
161 0
161 440
162 15
162 640
163 16
163 413
164 15
164 736
165 149
165 868
166 17
166 774
167 137
167 730
168 0
168 846
169 6
169 102
170 57
170 737
171 9
171 672
172 57
172 263
173 23
173 824
174 65
174 734
175 15
175 283
176 142
176 692
177 69
177 597
178 31
178 417
179 86
179 220
180 0
180 471
181 65
181 82
182 142
182 397
183 86
183 200
184 9
184 632
185 101
185 810
186 21
186 274
187 103
187 542
188 19
188 511
189 33
189 194
190 6
190 463
191 47
191 473
192 244
192 359
192 424
192 508
192 529
192 546
192 575
192 604
192 682
192 726
192 832
192 849
192 896
192 923
192 966
193 24
193 976
194 33
194 189
195 8
195 320
196 71
196 617
197 69
197 426
198 19
198 58
199 10
199 620
200 86
200 183
201 27
201 686
202 93
202 634
203 25
203 470
204 32
204 939
205 10
205 234
206 5
206 950
207 92
207 719
208 28
208 273
209 19
209 929
210 43
210 880
211 218
211 248
211 363
211 483
211 543
211 577
211 706
211 739
211 749
211 867
211 877
211 934
212 37
212 908
213 101
213 545
214 24
214 246
215 24
215 145
216 6
216 791
217 8
217 51
218 211
218 706
219 142
219 322
220 86
220 179
221 142
221 883
222 149
222 956
223 2
223 460
224 1
224 36
225 86
225 960
226 142
226 593
227 92
227 366
228 16
228 345
229 19
229 325
230 27
230 638
231 69
231 495
232 18
232 725
233 16
233 45
234 10
234 205
235 19
235 685
236 28
236 527
237 42
237 670
238 57
238 241
239 103
239 550
240 15
240 599
241 57
241 238
242 23
242 306
243 0
243 371
244 192
244 832
245 5
245 95
246 24
246 214
247 47
247 644
248 211
248 483
249 20
249 998
250 3
250 965
251 57
251 798
252 24
252 551
253 5
253 888
254 4
254 115
255 47
255 833
256 86
256 374
257 65
257 451
258 142
258 799
259 4
259 153
260 31
260 134
261 47
261 472
262 13
262 821
263 57
263 172
264 69
264 498
265 103
265 396
266 1
266 124
267 15
267 464
268 2
268 493
269 28
269 607
270 5
270 570
271 15
271 122
272 46
272 834
273 28
273 208
274 21
274 186
275 71
275 616
276 5
276 519
277 10
277 987
278 16
278 941
279 65
279 489
280 19
280 114
281 2
281 598
282 57
282 922
283 15
283 175
284 17
284 858
285 42
285 700
286 0
286 289
287 46
287 332
288 5
288 85
289 0
289 286
290 71
290 380
291 73
291 661
292 92
292 383
293 1
293 741
294 32
294 475
295 65
296 31
296 305
297 17
297 931
298 23
298 339
299 1
299 595
300 2
300 716
301 23
301 26
302 5
302 750
303 0
303 860
304 6
304 335
305 31
305 296
306 23
306 242
307 6
307 722
308 3
308 138
309 3
309 370
310 13
310 81
311 8
311 886
312 4
312 89
313 18
313 485
314 71
314 769
315 8
315 662
316 0
316 514
317 83
317 554
318 9
318 755
319 46
319 152
320 8
320 195
321 5
321 430
322 142
322 219
323 52
323 573
324 5
324 828
325 19
325 229
326 46
326 388
327 92
327 803
328 15
328 461
329 20
329 603
330 137
330 733
331 43
331 540
332 46
332 287
333 39
333 378
334 8
334 91
335 6
335 304
336 57
336 128
337 25
338 25
338 906
339 23
339 298
340 38
340 110
341 46
342 1
342 407
343 31
343 133
344 52
344 558
345 16
345 228
346 2
346 75
347 5
347 63
348 5
348 636
349 4
349 852
350 86
350 777
351 13
351 583
352 42
352 563
353 1
353 99
354 43
354 62
355 20
355 787
356 1
356 462
357 71
357 850
358 33
358 665
359 192
359 529
360 2
360 935
361 19
361 695
362 103
362 409
363 211
363 934
364 142
364 688
365 25
365 531
366 92
366 227
367 73
367 564
368 9
368 690
369 149
369 864
370 3
370 309
371 0
371 243
372 6
372 386
373 71
373 492
374 86
374 256
375 17
375 981
376 52
376 683
377 10
377 88
378 39
378 333
379 10
379 12
380 71
380 290
381 149
381 557
382 4
382 916
383 92
383 292
384 23
384 591
385 93
385 404
386 6
386 372
387 39
387 977
388 46
388 326
389 20
389 745
390 57
390 671
391 137
391 571
392 32
392 438
393 16
393 942
394 17
394 523
395 69
396 103
396 265
397 142
397 182
398 32
398 897
399 18
399 838
400 137
400 141
401 0
401 7
402 21
402 111
403 10
403 937
404 93
404 385
405 47
405 792
406 92
406 875
407 1
407 342
408 43
408 847
409 103
409 362
410 20
410 761
411 83
411 764
412 1
412 79
413 16
413 163
414 3
415 47
415 148
416 8
416 673
417 31
417 178
418 17
418 135
419 47
419 465
420 83
420 836
421 15
421 895
422 6
422 427
423 92
423 746
424 192
424 726
425 18
425 809
426 69
426 197
427 6
427 422
428 25
428 580
429 73
430 5
430 321
431 142
431 753
432 46
432 496
433 20
433 139
434 32
434 629
435 0
435 829
436 13
436 800
437 86
438 32
438 392
439 6
439 562
440 0
440 161
441 101
441 582
442 24
442 66
443 27
443 504
444 27
444 559
445 142
446 42
446 703
447 10
447 625
448 103
448 676
449 38
449 898
450 83
450 892
451 65
451 257
452 3
452 870
453 39
453 610
454 103
454 568
455 0
455 55
456 103
456 594
457 9
457 756
458 16
458 526
459 10
459 959
460 2
460 223
461 15
461 328
462 1
462 356
463 6
463 190
464 15
464 267
465 47
465 419
466 31
466 658
467 142
467 574
468 15
468 131
469 46
469 87
470 25
470 203
471 0
471 180
472 47
472 261
473 47
473 191
474 39
474 40
475 32
475 294
476 9
476 516
477 69
477 961
478 137
478 781
479 93
479 918
480 103
480 988
481 92
481 615
482 39
482 911
483 211
483 248
484 3
484 958
485 18
485 313
486 42
486 848
487 37
487 613
488 137
488 759
489 65
489 279
490 83
490 721
491 2
491 98
492 71
492 373
493 2
493 268
494 83
494 978
495 69
495 231
496 46
496 432
497 10
497 910
498 69
498 264
499 92
499 954
500 52
500 938
501 86
501 964
502 18
502 962
503 149
503 648
504 27
504 443
505 47
505 979
506 32
506 990
507 23
507 936
508 192
509 13
509 808
510 13
510 948
511 19
511 188
512 21
512 143
513 39
513 826
514 0
514 316
515 21
516 9
516 476
517 6
517 709
518 52
518 747
519 5
519 276
520 33
520 797
521 31
521 72
522 19
522 635
523 17
523 394
524 149
524 713
525 137
525 601
526 16
526 458
527 28
527 236
528 4
528 560
529 192
529 359
530 101
530 710
531 25
531 365
532 142
532 584
533 86
533 900
534 4
534 67
535 33
535 844
536 18
536 776
537 19
537 835
538 20
538 805
539 46
539 740
540 43
540 331
541 43
541 694
542 103
542 187
543 211
543 877
544 93
544 796
545 101
545 213
546 192
546 682
547 42
547 154
548 137
549 2
549 628
550 103
550 239
551 24
551 252
552 103
552 814
553 83
553 872
554 83
554 317
555 33
555 44
556 20
556 714
557 149
557 381
558 52
558 344
559 27
559 444
560 4
560 528
561 4
561 90
562 6
562 439
563 42
563 352
564 73
564 367
565 1
565 718
566 20
566 995
567 8
567 581
568 103
568 454
569 86
569 782
570 5
570 270
571 137
571 391
572 73
572 623
573 52
573 323
574 142
574 467
575 192
575 604
576 33
576 885
577 211
577 739
578 8
578 712
579 20
580 25
580 428
581 8
581 567
582 101
582 441
583 13
583 351
584 142
584 532
585 83
585 754
586 39
586 109
587 17
587 637
588 38
588 912
589 71
589 697
590 32
590 49
591 23
591 384
592 47
592 711
593 142
593 226
594 103
594 456
595 1
595 299
596 17
596 861
597 69
597 177
598 2
598 281
599 15
599 240
600 39
600 863
601 137
601 525
602 18
602 119
603 20
603 329
604 192
604 575
605 4
605 742
606 73
606 619
607 28
607 269
608 18
608 120
609 8
609 96
610 39
610 453
611 92
611 743
612 43
612 813
613 37
613 487
614 86
614 707
615 92
615 481
616 71
616 275
617 71
617 196
618 52
618 819
619 73
619 606
620 10
620 199
621 101
622 21
622 94
623 73
623 572
624 5
624 917
625 10
625 447
626 28
626 54
627 32
627 633
628 2
628 549
629 32
629 434
630 28
630 869
631 8
631 881
632 9
632 184
633 32
633 627
634 93
634 202
635 19
635 522
636 5
636 348
637 17
637 587
638 27
638 230
639 1
640 15
640 162
641 10
641 76
642 25
642 652
643 21
643 991
644 47
644 247
645 47
645 693
646 27
646 851
647 24
647 106
648 149
648 503
649 0
649 678
650 83
650 982
651 20
651 790
652 25
652 642
653 92
653 804
654 47
654 61
655 13
655 997
656 16
656 105
657 47
657 971
658 31
658 466
659 3
659 752
660 38
660 952
661 73
661 291
662 8
662 315
663 43
663 127
664 92
665 33
665 358
666 3
666 34
667 10
667 70
668 38
668 940
669 20
669 793
670 42
670 237
671 57
671 390
672 9
672 171
673 8
673 416
674 1
674 748
675 2
675 775
676 103
676 448
677 4
678 0
678 649
679 83
679 763
680 3
680 789
681 52
681 946
682 192
682 546
683 52
683 376
684 17
684 108
685 19
685 235
686 27
686 201
687 46
687 823
688 142
688 364
689 38
689 766
690 9
690 368
691 71
691 975
692 142
692 176
693 47
693 645
694 43
694 541
695 19
695 361
696 31
696 123
697 71
697 589
698 71
698 147
699 93
699 822
700 42
700 285
701 39
701 816
702 25
702 744
703 42
703 446
704 101
704 795
705 25
705 985
706 211
706 218
707 86
707 614
708 1
708 972
709 6
709 517
710 101
710 530
711 47
711 592
712 8
712 578
713 149
713 524
714 20
714 556
715 32
715 925
716 2
716 300
717 42
717 59
718 1
718 565
719 92
719 207
720 93
720 818
721 83
721 490
722 6
722 307
723 4
723 125
724 19
724 973
725 18
725 232
726 192
726 424
727 16
728 142
728 150
729 8
729 11
730 137
730 167
731 101
731 757
732 32
732 949
733 137
733 330
734 65
734 174
735 31
735 762
736 15
736 164
737 57
737 170
738 103
738 112
739 211
739 577
740 46
740 539
741 1
741 293
742 4
742 605
743 92
743 611
744 25
744 702
745 20
745 389
746 92
746 423
747 52
747 518
748 1
748 674
749 211
749 867
750 5
750 302
751 18
752 3
752 659
753 142
753 431
754 83
754 585
755 9
755 318
756 9
756 457
757 101
757 731
758 16
758 876
759 137
759 488
760 46
760 926
761 20
761 410
762 31
762 735
763 83
763 679
764 83
764 411
765 21
765 84
766 38
766 689
767 13
767 151
768 15
768 862
769 71
769 314
770 13
770 968
771 15
771 136
772 5
772 970
773 142
773 901
774 17
774 166
775 2
775 675
776 18
776 536
777 86
777 350
778 28
778 41
779 6
779 845
780 65
780 132
781 137
781 478
782 86
782 569
783 4
783 77
784 149
784 894
785 65
785 924
786 8
786 53
787 20
787 355
788 5
788 129
789 3
789 680
790 20
790 651
791 6
791 216
792 47
792 405
793 20
793 669
794 18
794 130
795 101
795 704
796 93
796 544
797 33
797 520
798 57
798 251
799 142
799 258
800 13
800 436
801 3
801 857
802 13
802 992
803 92
803 327
804 92
804 653
805 20
805 538
806 27
806 48
807 17
807 859
808 13
808 509
809 18
809 425
810 101
810 185
811 52
811 812
812 52
812 811
813 43
813 612
814 103
814 552
815 28
815 943
816 39
816 701
817 39
817 980
818 93
818 720
819 52
819 618
820 13
820 121
821 13
821 262
822 93
822 699
823 46
823 687
824 23
824 173
825 4
825 974
826 39
826 513
827 37
827 969
828 5
828 324
829 0
829 435
830 52
830 999
831 52
831 159
832 192
832 244
833 47
833 255
834 46
834 272
835 19
835 537
836 83
836 420
837 47
837 902
838 18
838 399
839 27
839 117
840 33
840 919
841 73
841 994
842 43
842 118
843 28
843 907
844 33
844 535
845 6
845 779
846 0
846 168
847 43
847 408
848 42
848 486
849 192
849 896
850 71
850 357
851 27
851 646
852 4
852 349
853 21
853 878
854 6
854 29
855 23
855 945
856 3
856 78
857 3
857 801
858 17
858 284
859 17
859 807
860 0
860 303
861 17
861 596
862 15
862 768
863 39
863 600
864 149
864 369
865 92
865 914
866 27
866 920
867 211
867 749
868 149
868 165
869 28
869 630
870 3
870 452
871 9
871 50
872 83
872 553
873 33
873 953
874 43
874 80
875 92
875 406
876 16
876 758
877 211
877 543
878 21
878 853
879 23
879 951
880 43
880 210
881 8
881 631
882 9
882 56
883 142
883 221
884 86
884 984
885 33
885 576
886 8
886 311
887 8
887 22
888 5
888 253
889 42
889 905
890 92
890 155
891 37
891 967
892 83
892 450
893 73
893 913
894 149
894 784
895 15
895 421
896 192
896 849
897 32
897 398
898 38
898 449
899 69
899 904
900 86
900 533
901 142
901 773
902 47
902 837
903 3
903 983
904 69
904 899
905 42
905 889
906 25
906 338
907 28
907 843
908 37
908 212
909 33
909 955
910 10
910 497
911 39
911 482
912 38
912 588
913 73
913 893
914 92
914 865
915 38
915 930
916 4
916 382
917 5
917 624
918 93
918 479
919 33
919 840
920 27
920 866
921 4
921 126
922 57
922 282
923 192
923 966
924 65
924 785
925 32
925 715
926 46
926 760
927 13
927 158
928 73
928 146
929 19
929 209
930 38
930 915
931 17
931 297
932 17
932 963
933 65
933 104
934 211
934 363
935 2
935 360
936 23
936 507
937 10
937 403
938 52
938 500
939 32
939 204
940 38
940 668
941 16
941 278
942 16
942 393
943 28
943 815
944 23
944 996
945 23
945 855
946 52
946 681
947 9
947 993
948 13
948 510
949 32
949 732
950 5
950 206
951 23
951 879
952 38
952 660
953 33
953 873
954 92
954 499
955 33
955 909
956 149
956 222
957 24
957 160
958 3
958 484
959 10
959 459
960 86
960 225
961 69
961 477
962 18
962 502
963 17
963 932
964 86
964 501
965 3
965 250
966 192
966 923
967 37
967 891
968 13
968 770
969 37
969 827
970 5
970 772
971 47
971 657
972 1
972 708
973 19
973 724
974 4
974 825
975 71
975 691
976 24
976 193
977 39
977 387
978 83
978 494
979 47
979 505
980 39
980 817
981 17
981 375
982 83
982 650
983 3
983 903
984 86
984 884
985 25
985 705
986 32
986 116
987 10
987 277
988 103
988 480
989 39
989 156
990 32
990 506
991 21
991 643
992 13
992 802
993 9
993 947
994 73
994 841
995 20
995 566
996 23
996 944
997 13
997 655
998 20
998 249
999 52
999 830